5 5

inst 1 8796 =
  4.613197  -1.623838  -5.220555  -5.084996 -17.523340  -0.537874  -1.758937 -30.809196 
 -3.710317 -11.359596 -11.034348   3.950565  -9.835671 -21.460197  -0.045054   2.206949 
 -4.351596  12.570649 -19.566404   4.059144   1.409506  -6.377692  -7.684021 -16.467815 
 18.268778   5.225592   0.782121  -3.983052  -1.379415  -7.420247   2.818292   6.125561 
-17.988186   4.790408  10.374655 -13.314782   4.652918  26.627167   1.852467 -13.144117 
 -2.072135  10.204966   6.335317 -12.791156   0.883420   9.684366   2.441034 -17.390059 
-18.430481 -19.962877  13.305382  14.816281  -5.292719  12.459344   4.971468  -7.808846 
  3.606483   4.761272  -0.605440   8.994274   5.042514  -2.509383  -8.109288   3.863449 
 -2.426877   1.288046  -1.422130  -9.114769   5.482714 -16.617741   8.926826 -10.613682 
-17.940250  -1.260656  -0.654978  -8.426068  12.402017 -13.351509  -5.622608  -5.788305 
 27.724716  -1.716821   9.491152   8.768202   9.925385   7.939355   9.998518 -10.510096 
 12.406830  -6.817825  -8.984458  -5.564474   1.583919  -9.066202  13.113482   4.746419 
-11.500413   1.259425  -6.494773  17.754688   8.058125   6.394587  -4.545678  -0.486685 
 -9.615297   9.481235   1.991723   1.888023 -12.941145  20.995459  -8.867119   2.937094 
  8.884330  -0.761890 -10.404325 -15.513542 -21.645151 -11.070114   6.110747 -13.016735 
-21.315289 -10.925800  -7.137396   4.692479  -4.605650   1.377383  -3.798100   5.791863 
 -0.725877  -6.963360   7.368599  -2.960831  -3.507221 -10.856033   5.220713  -0.438552 
 18.591722  -8.586237 -11.037562   6.768447  -7.172790   6.508494   0.895137  -7.730685 
-11.421822 -20.922161  12.031146  -0.421725 -12.913856  -8.460230  21.716105 -16.556692 
 15.161896 -14.382910   3.284479  16.159039   4.817092   9.739022  -5.359738  -0.826170 
 -2.859105  -6.412233  -7.347847  -6.408217   1.171154  -3.950618   5.903255  -7.158098 
  7.102965  17.230440  11.444221   3.514128  13.545719   1.400344  -5.091825   0.590055 
  0.068159  -8.760963  -2.042313   1.034016  -3.754265   4.388128 -12.213985  -1.013121 
  5.593812  -9.276743   8.220661   2.062932   9.338856  20.712317   4.425709  -5.699569 
-11.555758  -9.006640  -5.672807   0.043007   8.409055  -8.490259   3.306224 -10.227627 
 16.714340  -6.807717   6.623595  -0.894466  12.586283  10.666288   5.587292  -5.033560 
 20.405602   6.001425  20.148829   3.788834  -8.895719 -12.558199  -1.983064 -14.721144 
 -7.347827  -6.755708   7.664338  -3.967691  -7.829496 -14.328794  -3.775568  13.636764 
  5.224740  -2.401802  -2.118879   8.403946  -6.398022  -2.596025  13.704099   3.473564 
  1.226269   7.429908  -8.788812  17.149824  -3.182918   9.504784 -22.874819 -15.362687 
-18.206923 -16.393354  23.702677  10.368895   3.295706  -4.512607  -6.110369   5.265276 
 -7.968502  -3.118076  -7.832588   2.738236 -20.561411 -10.997381  -5.858239  -3.621777 

inst 2 49975 =
 -2.639910  -1.960099 -11.400029 -15.961702   0.141760  -5.669565  10.620264 -23.188139 
 -8.415592  -3.246535  -8.741829   0.468486   9.130199 -19.383682  -5.753262  -9.437510 
  6.426202   1.197009 -25.998009   2.130021  -2.762011   5.989642  -9.478052  10.614053 
 -5.569993   3.310787   9.454211   5.828486 -12.354816  -8.534525  -6.807068   4.598131 
-11.478451  12.322870   9.493147 -13.072527  14.130232  22.035744   2.010614  -7.507183 
 17.465063   1.317486  14.358717 -16.983128  -5.440255   9.643550  -3.929587   0.041379 
-26.356936 -30.297842   9.120589   2.735405 -12.637046  -1.457022   0.588004   4.215679 
 13.186416  -6.528629   3.329572  26.070778  10.764442  -1.772204   5.515262 -10.468097 
-15.779167 -10.268510  -0.481858  13.887389   0.456119  -3.213297  14.426230   5.358776 
  4.913303  -6.339732  12.421362 -17.656816   3.252728   7.494434  -0.236859  -5.255027 
 19.223909  10.722073  13.793683  15.475801   6.773221   5.604699   2.678119 -10.493105 
 15.137451   6.123852  -0.106499   7.938774 -15.726290 -13.602015   0.478983   1.056969 
-25.995773 -12.589947 -10.920805   9.935600  -8.071259 -10.151767  13.704296   8.033078 
-13.277122  10.609042  -1.735132  -9.199554  -4.280409   9.678528   5.169501  -0.306942 
-12.093794  -2.861520  -2.002475   1.717754  -9.525898  14.820703  -2.340080  -2.462887 
-10.948878  -1.993684 -10.093358  17.618895   2.421477  -5.587758  -6.067976  -1.496408 
 -1.343194   3.661851  19.645271   0.118358  -4.344760  -1.560306  18.945482 -12.083686 
 11.024486 -14.145586   8.648169  -2.508372   3.877344  21.565786  -9.857451   5.014584 
-18.269505 -17.544205   7.443310  -5.166613  -4.655981  -2.641631   8.255996 -12.107114 
 -3.705338  -3.020270 -11.813302  22.782650   1.270720  13.564062  29.322599  -7.074643 
 10.380116  -0.377287 -19.007324  -9.699442  -3.628299 -10.032745   6.292879  -7.178708 
 -6.616450   9.690654   7.135778 -16.073311  14.012602  -4.091373 -10.952987 -15.164411 
 -9.115300   4.139496   3.295486  -1.290277  -6.762715  -7.945991  -5.629507   5.964976 
 16.705967  24.391018  -7.436108  -3.927566   5.789515  10.347757  -0.886338  11.105034 
  2.751411   4.934424  -6.747109   7.464056  -5.438243 -13.402655   1.348002 -15.935225 
  7.468300  -5.601209 -15.360682   3.811948   7.508915   9.593271  -3.200963  13.274662 
 18.205242  -1.130465  14.906082   5.111775   1.211863   3.404433   4.539917 -18.132832 
-27.743755   4.626407   2.176498  -7.267888 -19.198603   2.574410  -2.005005  -1.625684 
  2.319752   5.639275  11.145646 -16.670668  -4.690867 -13.420846   6.082933  18.632380 
 -2.488555   5.401922  -6.414391   9.451301 -24.003529  10.619866   1.970159 -10.451210 
 -6.381076  -2.585678  23.718176  14.104809  -6.738933  11.165034   2.481934   8.166958 
 -7.147290   6.909416  -5.325016   0.114494 -17.770536  -4.071072  -1.312804  -1.281930 

inst 3 49943 =
 12.312844  -0.400301  -8.855320  -6.907640  -1.996874   4.974396  -2.652716 -23.687330 
 -4.616317   3.471716   6.030414   0.822061   3.470136  -7.996366   6.951007  -7.733396 
 23.855457  17.812296 -20.097279  -5.149914   0.548323  15.268883 -21.757072  -0.914045 
-12.796792  -0.886200   8.581200  -1.768789 -17.327496  -5.523697   9.420478  -7.449288 
 -8.650871  10.318953   9.343429  -4.182432  -0.381336  22.087450   8.556733  -0.741594 
 12.124145  22.705299  24.303505 -15.667522  -5.826692   2.626462  16.830044  -1.155252 
-30.908590 -30.144087   9.898821  14.791101 -10.624175  -9.244483  -3.359322   0.815090 
 11.387881  -4.106744 -12.413711  10.759693  20.743168  11.544289  -4.077455   2.998052 
-13.281761 -15.806467  -7.188487  10.611573   2.407360  -6.004927  22.911398  -2.149902 
 13.899674  -6.792192  17.360485 -12.212688  24.061047  -2.087563   0.052442  -1.328996 
 16.950895  11.915234   8.283695  -0.706859   3.553506   5.952507   4.102587   0.716436 
 26.044416  -1.735384  -2.522782  10.561877 -22.630047 -11.595776   6.833452   5.430120 
 -8.776608  -4.170903  -4.816772  16.243717  -8.146954   0.876281  11.744290  -1.424650 
 -8.093703  -1.535540   3.277009 -12.438067 -20.094007  10.781516  -0.683048  -4.891335 
 -4.143569 -16.506248  -2.946244 -18.257401 -17.262047  11.009050  -6.741981 -12.850412 
 -7.994901 -18.909315 -12.710112  12.814151  -3.042623  -8.064781  -3.061302   4.663278 
  5.049644   8.956704  11.744314  -9.346361  -4.651517  -4.251780   8.873049  -7.905711 
 -0.225360  -4.486563   1.281561   3.199841  -8.314519  11.526748  -0.250655  14.920040 
  1.655174  -9.172130   8.304338 -11.833848  -1.523088  -0.761805  10.132142  -8.533725 
 18.340569  -3.935370  -1.876161   8.137876  16.049959  22.534538  25.551310 -10.125632 
  5.581362   1.392193  -3.685310   3.184429   0.139246   0.855810  -4.768576  -4.570041 
-12.081715   0.664787  -5.820106  -4.370258  20.625343  -5.141958  -3.951936 -14.910419 
-18.235689  -0.245145   3.612624 -12.100939  -4.080320  13.148714 -10.035446   2.778477 
 11.412226  23.373953   0.201506  13.711729   3.115728   4.913425   1.133224   1.872743 
 16.398315  16.430460   3.124649  -7.332187  -3.896471 -32.756802  -2.410299  -4.742917 
 -2.159893   0.849943  -9.127043   1.926900  -4.450755   7.631449   4.796685  -7.348846 
 27.355768  15.264942  12.762618  -1.001580  -9.175361   3.411621  17.033283  -8.385474 
 -4.487636  -0.114347   4.788573  12.118349 -18.729876   3.317303   0.925664  -3.730227 
  1.603644   7.436733  -5.531476  15.691978 -14.205505  -2.946536  -9.986832   7.590261 
 -9.271351   9.437127  -3.608093   6.317340 -17.163113   2.921611   9.680651 -18.334610 
 -5.003212 -15.330956  30.027102   4.510519  -5.799937  14.376974  -4.985971   6.895435 
 -2.756257   1.297950   5.807900   4.839655 -21.399151  12.843393 -15.891466   9.104452 

inst 4 1278 =
 12.646640   2.058443  -9.046502 -11.199051  -3.971457   7.113024  -8.110320 -16.804300 
-10.207612  -9.508061  -2.616646  10.606130   3.661771 -23.015995 -16.545284  -0.579671 
  6.378860  18.948439 -23.780794 -17.746834  16.958677   3.532733 -22.829023 -16.091133 
  4.608174   7.626989  -6.442142  21.307245  -5.522888 -14.790862 -13.403001  12.879374 
-11.389009 -12.288368  14.597395 -16.152887  24.199455  26.283308   3.196602 -12.904014 
  3.710725   9.412211  14.028999 -14.720589   8.097749   9.233352   0.760549   5.206381 
-10.252836 -14.291116  14.121364   6.665373 -10.365228   4.736204  -2.634205  -9.400808 
 22.675600  -1.845273  -5.351505  18.524906  -2.441544 -14.463865   0.434491  -6.538318 
-17.228109  -0.173206  -1.763513   4.005183   7.809972   3.216405  18.811779  -5.774778 
  9.032857 -12.176384   0.740300 -12.029125  14.566705  -4.520411 -15.853050 -12.302243 
 10.824447  24.100990   2.190872  11.660336   9.813911   8.049179   4.571938  -6.613266 
 10.879872  -7.056026  -5.880885   5.403448   8.038835 -14.123907  19.061142   9.008103 
 -0.570695 -13.109657 -14.685266   9.712547   6.294451 -10.501716   5.901178   3.236304 
 -9.883411   6.319449   0.853922 -13.761252  -9.994267  18.865610 -15.234241   1.446580 
  7.830160  -1.652520   6.884163   8.241426 -19.549095   2.050608   3.949878   0.204442 
 -3.403749  -2.366131 -19.800331   9.084047   2.378470  -8.333859 -13.541518 -11.767755 
 -4.544766 -13.336609  10.111361   0.794220 -11.705031 -12.556806   9.403255  -5.565287 
 12.616883  -7.883758  -4.686169  -0.456584  11.829627  10.385980  -1.475893   3.481971 
-18.773750 -17.040804  22.245872   2.616476  -3.670976 -12.717430  18.411266 -12.072790 
  5.095333  -9.443025 -14.054220  15.674575  19.450310  29.440830   8.726566  -1.798980 
  7.075549  -1.638990   2.380663  -6.819333  -8.990138 -15.970461  15.010890  -7.710243 
-20.701492   5.916880  32.528362 -21.322924   9.773759   1.846847   5.063554 -24.507633 
-19.005041  20.788242   7.217499   7.243600   7.268446 -15.718210  -5.454834  10.537756 
 14.334850  21.035603   0.988900  -2.512426   2.387351  20.574587  -6.031035  11.464785 
 -1.057875  -8.632388  -9.128895  -2.123626  14.873006 -24.210114   2.417677  -8.814721 
 -8.321904  -4.169220  -5.634890   7.153309   3.961894  11.651875  -9.397532  -8.227712 
 26.454033  -1.911665  26.827297  15.257657  -6.804742 -18.828482   1.436046  -2.304925 
-21.845913  -9.107181 -16.984035  11.471691 -16.306965 -11.713076  -2.710452 -16.698557 
  9.277081   0.303838 -16.229424  10.579913 -12.652104  -2.070994   8.795698   9.863788 
 -6.494437   6.006476 -14.505795  17.214392 -28.046436   1.914487   6.276012  -6.676866 
-13.151068  -3.821826  24.463045   9.268841  -2.311697   4.543601  -6.383045   6.253719 
-15.827103   3.108832  -1.846875   5.020360 -17.520491   5.616756  -7.172984  -8.521832 

inst 5 370 =
  0.894363  -0.240059  -9.919254 -12.877818   6.485004  -1.912448  -3.076143 -10.236022 
-13.164305  -5.667288  -2.127395   2.183609  -6.704848 -32.122925  -7.342188  -9.596153 
  3.526690  12.327579 -16.735785  -9.217444  17.598787  -2.397584   5.090024   8.704956 
  0.056540  10.434193   0.070054  11.100948  -9.695141 -12.376280 -24.301800   4.753648 
 -8.699869  -3.528001  10.580572 -13.513948  15.534503  24.323330   8.829410 -11.548613 
  9.223004 -10.241038  -2.890399   4.832717  19.508018   4.961348  -4.851056  -1.836838 
 -3.530540 -18.500357  -0.075534   2.755630 -17.457319 -18.881395  13.189182  -7.323752 
 11.366405  -0.909499  -8.148912  19.067230   3.866971  -0.337465   3.620823 -18.355724 
 -9.170036  -5.079891   4.429354   4.750861  13.691962 -10.072999  11.424855  -0.747392 
 -5.086904   5.906011   4.014573  -2.969975  -6.019471  -4.190486   2.268049  -9.879723 
 13.954812   6.215106  16.111382  14.841849  10.317830  -9.967278   4.866534  -8.887712 
 21.908360 -21.035091  -1.634584  11.241128  -1.966239  -9.357866  13.538678  17.407557 
 -2.316844  -3.813304 -14.085027   6.703150  17.943762 -13.234182 -12.663812  11.621648 
  4.872823  13.258523  17.517649 -22.241207 -16.395950  17.853264   2.318719   5.248006 
 -2.797521   0.878140  -2.951825   9.559645 -24.021959   4.915654  -2.311950 -12.715813 
 -0.945531   2.694485 -25.194481   6.765825  -0.101514 -26.926844   0.512972  -1.658942 
 -9.562875  -3.573138   0.933146  -4.140703 -10.469906 -20.016670  26.399855  -1.154668 
 28.018265  -9.922213  -2.334606  24.451023  16.406292  13.030799  -0.010949  22.396194 
-19.053404 -21.329609  22.587614   1.509699  -6.889797  -7.614455   9.524379 -23.276915 
  1.737993 -17.911831  -3.812348  18.115454  12.211470  22.968193  11.129696 -13.890295 
 -3.231506  -3.141018  -7.143010   5.886220 -11.163236  -2.360244  -4.070745  -5.614869 
-18.909670   1.910037  22.056469  -9.054795  11.839652 -25.726578   5.677960 -20.824297 
-16.952171   1.691805  -5.070514  13.899086  -0.985408 -11.219785  -2.475798   0.241101 
 18.254513  15.566503   0.459602  -6.339840 -10.624079  10.411510 -11.826506   7.744561 
 11.549092  -5.560150  -1.021383   8.139344  -2.145320 -13.336247  15.773254 -13.823431 
 -6.183532   0.234418  -1.565810  -1.298720  13.571661   3.291914  -2.602378 -10.075640 
 16.452097  -7.449704  21.899582  16.066317  -8.625534 -14.327059   0.074896  -7.353743 
-34.708862  -4.084888  -3.992816  -0.522740 -23.175016  -2.720676  -3.419492 -12.101626 
  8.413857  13.322191  -7.267571   2.311677 -19.371868  -6.261994   4.810685  15.393016 
-16.972984  -0.217313   0.333211   6.813771  -7.355930   4.688433  -3.312171  -4.536341 
-12.785465   0.884532  20.623240   4.275120 -12.547166  -1.303829 -12.067952   6.486469 
-20.367760   0.738121  -1.905586  -0.494784  -5.793553  -1.427906 -15.705107   6.656441 
